start	end	duration	text
11570	13340	1770	.
13450	18190	4740	1:1-Untertitelung
25290	27070	1780	Männerstimme im Off:
27220	30230	3010	Meine Damen und Herren, Viktor Giacobbo und Mike Müller.
30290	32189.999999999996	1900	Applaus
32259.999999999996	35710	3450	Guten Abend. Merci.
39510	43350	3840	Aus Appenzell Ausserrhoden, wie immer Dani Ziegler.
43490	46590	3100	Fetzige Bassklänge
50250	56550	6300	Viktor, wir haben heute die 200. Sendung.
56640	60670	4030	Zu diesem Zweck möchte ich dir
60840	62950	2110	für deinen beständigen und unermüdlichen Dienst danken
63170	65750	2580	und dir im Namen von ... mir eine Wappenscheibe überreichen.
65970	68910	2940	Vielen Dank, Mike, ich gratuliere dir auch,
69010	70990	1980	tolle Arbeit, die du geleistet hast. Merci.
71150	73350	2200	Selbstverständlich bekommst du von mir auch etwas,
73450	76730	3280	und zwar eine Wappenscheibe. Nein, das überrascht mich jetzt aber.
76840	79130	2290	Alles Gute, Mike. So und jetzt wieder an die Arbeit!
79330	84370	5040	In Einsiedeln wurde diese Woche ein Einbürgerungsgesuch abgelehnt.
84510	87410	2900	Ein 75-jähriger Amerikaner, ehemaliger ETH-Professor,
87600	91650	4050	der schon seit 39 Jahren dort lebt, wollte Schweizer werden.
91850	97990.00000000001	6140	Der Bezirksrat lehnte das Gesuch ab. Natürlich, erst seit 39 Jahren dort!
98229.99999999999	100670	2440	Sorry, aber was wäre gewesen,
100930	103110	2180	wenn er nach 40 Jahren plötzlich gegangen wäre?
103320	105430	2110	Dann hätte Einsiedeln ja die Arschkarte gezogen.
105580	111070	5490	Ihm wurde vorgeworfen, dass er dort in Einsiedeln keine Freunde habe.
111280	113470	2190	Also, wer hat schon ... Aber okay, gut.
113560	115470	1910	Lachen
115690	120310	4620	Aber der Hauptvorwurf war eigent- lich, er könne die 6 Ortschaften
120490	122470	1980	im Bezirk Einsiedeln nicht aufzählen.
122620	124630	2010	Das ist also wirklich ... Ich meine, sorry.
124820	128000	3180	Bennau, Egg, Willerzell, Euthal, Gross und Trachslau.
128090	131280	3190	Das weiss doch jedes Kind!
131480	134200	2720	Gut, Trachslau ist etwas schwierig, aber der Rest ...
134380	136640	2260	Also in Olten lernt man das in der Primarschule.
136730	138960	2230	Die 6 Orte im Bezirk Einsiedeln.
139170.00000000003	142000	2830	Ich denke, wenn wir im Publikum fragen würden - alle wüssten das.
142180	145370	3190	Gut, schauen wir uns das etwas genauer an.
145610	151010	5400	Das ist Einsiedeln. Der Grossraum. Und im Inneren die Ortschaften.
151160	153690	2530	Lachen
153910	156140	2230	Natürlich, wenn jetzt ein Amerikaner -
156290	159540	3250	und der Abgewiesene ist ja ein Amerikaner -
159770	162950	3180	sich die Ortschaft Egg anschaut, dann denkt er sich:
163050	167710	4660	"""Ja was denn, sunny side up oder scrambled?"""
167800	172070	4270	"Oder er denkt: ""Ist dort der Hühnerhof?"""
172290	176190	3900	Und wenn man Egg kennt - das ist ein bisschen wie auf dem Hühnerhof.
176450	179230	2780	Man hätte diesem Amerikaner ruhig den Schweizer Pass geben können
179390	182910	3520	für das gesamte Gebiet der Eidgenossenschaft, ausser Einsiedeln.
183070	186150	3080	Ja. Einsiedeln heisst ja neu auch Aussiedeln.
186240	188230	1990	Lachen
188340	191670	3330	Der amerikanische Professor ist sich ja Prüfungssituationen gewohnt,
191780	196510	4730	von der ETH. Aber natürlich nicht als Prüfling, sondern als Experte.
196770	199550	2780	Als er dann die Bezirksräte vor sich sitzen hatte,
199700	201750	2050	hat er gleich mal eine ungenügende Note vergeben.
201880	203710	1830	Das ist natürlich ungünstig.
203920.00000000003	206150	2230	Aber ich frage mich: Was macht denn ein Naturwissenschaftler -
206220	209110	2890	er ist ja Chemiker - was macht der in Einsiedeln?
209240	211470	2230	Ich meine, das passt doch nicht zu ihm!
211640	214590	2950	Dort im Kloster ist ja offenbar die berühmte Schwarze Magie.
214850	217190	2340	Nein, nein, die Schwarze Madonna. Die haben sie dort?
217340	219350	2010	Ja. Das ist auch ein chemischer Prozess.
219470	221230	1760	Lachen
221370	223950	2580	Ah, okay. Aber ich glaube auch an das nicht. Glaubst du an Chemie?
224090	225910	1820	Glaube ich nicht. Das ist Glaubenssache.
226130	228270	2140	Lass uns jetzt bei der Sache bleiben. Ich bin bei der Sache!
228440	231910	3470	Diese Einsiedler. Wenn wir uns mal anschauen, was das für Menschen sind.
232110	237150	5040	Da fragt man sich schon, ob man sich dort überhaupt integrieren will.
237329.99999999997	241070	3740	Und ob man die als Freunde will. Schwierig, schwierig.
241270	243790	2520	Also gut, man sagt ja - und v.a. hier in Zürich
243990	246590	2600	kennt man diese Einsiedler ja ein bisschen - man sagt,
246690	249910	3220	hier in Zürich seien diese Ein- siedler sehr schwer zu integrieren.
250130	253350	3220	V.a. wissen sie nicht, dass es in Zürich auch Kreise gibt,
253400	257870	4470	dass nach dem Kreis 1 der Kreis 2 kommt, dann der Kreis 4, 5, 6.
257970.00000000003	260430	2460	Das wussten sie alles nicht.
260620	263390	2770	Wir haben uns gefragt, weshalb das so ist und haben dann die Wappen
263600	265950	2350	etwas genauer angeschaut. Zuerst das Wappen von Einsiedeln.
266030	268510	2480	Und daneben - das ist wirklich das Wappen Einsiedelns -
268680	272390	3710	daneben das Wappen Albaniens. Lachen
272460	275310	2850	Da fragt man sich nicht mehr viel. Das ist ja ganz klar.
275530	277790	2260	Das ist einfach irgendwie ...
278000	280110	2110	Ja, und die Albaner lassen sich besser integrieren
280320	282430	2110	als diese Einsiedler. Viel besser!
282640	285670	3030	Wir sind dieser Sache wirklich nachgegangen und haben recherchiert.
285860	288030	2170	Wir waren auch auf der Webseite von Einsiedeln.
288270	291270	3000	Dort haben wir geschaut, wie das mit den Formularen
291520	294550	3030	für die Einbürgerung ist. Und dort steht:
298300	300950	2650	Dieses Bildschirmfoto haben wir heute Morgen gemacht.
301120	305950	4830	Möglicherweise haben beim einbürgerungstest die Einsiedler
306190	310510	4320	"den Amerikaner gefragt: ""Sagen Sie uns mal die aktuelle Jahreszahl."""
310770	314470	3700	"Und er antwortete: ""2014."" Und die sagten: ""Nein, nein, Bürstchen."""
314690	316750	2060	Lachen
316900	319150	2250	"""Schau mal auf unserer Webseite. 2013!"""
319300	322270	2970	"""Einer, der sich mit unserer Zeitrechnung nicht arrangiert,"
322380	324990	2610	"der kann verreisen!"" Klar!"
325090	327230	2140	Also gut, ich meine, man muss sich vorstellen,
327370	329950	2580	die haben dort oben noch 2013.
330110	332909.99999999994	2800	Die Abstimmung über die Masseneinwanderung
333130	335590.00000000006	2460	haben sie also noch vor sich. Lachen
335760	338350	2590	Nicht auszudenken, was dort dabei rauskommt!
338530	340430	1900	Aber gut, wir wollen fair bleiben.
340600	342710	2110	Der Landschreiber Einsiedelns hat gesagt,
342970	346510	3540	der Professor könne ein 2. Mal zur Prüfung antreten.
346620	349070	2450	Er müsse auch nicht mehr alle Fragen beantworten.
349280	352230	2950	Diejenigen, die er nicht beantworten konnte, muss er beantworten.
352440	354550	2110	Er muss auch nicht den ganzen Tarif zahlen,
354690	356950	2260	denn eine solche Einbürgerung - ob sie gelingt oder nicht -
357090.00000000006	359030	1940	kostet nämlich 3'600 Fr.
359170	361470	2300	Und sie haben also gesagt, er müsse beim 2. Mal
361730	364950	3220	nicht mehr den gesamten Betrag zahlen. Und das finden wir toll.
365120	367470	2350	So toll von dieser Gemeinde, also ich würde sagen,
367640	370150	2510	die bekommt von mir Mikes Wappenscheibe.
370270	372110	1840	Lachen
372240	374070	1830	Jawohl.
376490	380710	4220	Guten Abend miteinandej, Buji Hanspetej.
380810	385870	5060	Heutiges Thema: Dynamik und Mechanik der Volksinitiative.
385970	390990	5020	Das kann man auch besser ausspjechen als Jejejefejejejejendum.
391070	395190	4120	Eigentlich ein politisches Thema, wird aber mehr und mehr
395440	399350	3910	zum Instjujujument der Untejhaltungsindustrie -
399440	401350	1910	auch nicht jedermanns Sache.
401470	406310	4840	Ausser eben, du lässt die jichtigen Leute, z.B. den Wutbüjgej ...
406460	410230	3770	Entweder ist der schweizerische Wutbüjgej jeich oder wütend.
410360	414710	4350	Der Wutbüjgej ist aber nie
414840.00000000006	419950	5110	jeich und gut gelaunt oder arm und gut gelaunt
420170	425710	5540	oder jeich und wütend oder arm und wütend.
425800	428870	3070	Warum machen die Wutbüjgej der gjojojossen Parteien
429050	431350	2300	so viele Initiativen?
431570	434310	2740	Das war ja eigentlich einmal ein Instjujujument für das Volk.
434490	438110	3620	Schauen Sie, das Volk ist faul!
438270	441030	2760	Es machte in der jujungen Geschichte der Eidgenossenschaft
441170	446030	4860	sehr, sehr wenige Initiativen und dann an der Urne nur gemault:
446130	449510	3380	"""Wir finden es jetzt doch doof."""
449680	453270	3590	"Da merkten die gjojojossen Parteien: ""Hört mal, Jungs!"""
453360	455790	2430	"""Mit diesen Initiativen"
455940	458310	2370	"können wir den Wahlkampf auf 4 Jahjajaje ausweiten."""
458450	460590.00000000006	2140	"""Und wenn eine Initiative durchgekommen ist,"
460720	463070	2350	jejejeiten wir auf der Umsetzung rum,
463170	465510	2340	"bis uns der nächste Schwachsinn einfällt."""
465650	468270	2620	Das können ja auch unpolitische Ideen sein, nicht?
468440	471590.00000000006	3150	Man kann eine Initiative ja auch mal nur für das Emotionale machen!
471750	474510	2760	Das ist so in der Untejhaltungsindustjijie.
474670	478870	4200	Und - päng - vor lauter Wahlkampf pej Initiative verpassen sie die Wahlen.
479090.00000000006	481590	2500	Dann kommt irgendwann wohl noch eine Initiative,
481680	483750	2070	damit man öfters wählen geht.
483890	486230	2340	Am besten gleich jeden Sonntag Abstimmungen und Wahlen,
486390	490390	4000	damit dieses faule Volk mal wieder gefojdejt ist -
490480	494670	4190	das wären dann Sie zu Hause, die jetzt so oft auf dem Sofa faulenzen.
494830	497750	2920	Sie gehören alle zusammen in die Schamecke. Hopp!
499680	504150	4470	Zur Schamecke gehört, dass man sich umdreht.
507050	508710	1660	Fertig.
510400	514750	4350	Applaus
515360	519150	3790	Ja. Wir müssen ...
521429.99999999994	525310	3880	Du, also soll ich, oder willst du anfangen?
525500	528430	2930	Ja ... Mach du es! Aber vorsichtig. Klar.
528520	530590	2070	Also nicht reinfahren.
530810	532630	1820	Das ist ein etwas schwieriger Moment,
532800	535270	2470	denn jetzt müssen wir etwas Persönliches sagen.
535410	538270	2860	Und zwar so, dass Toni Brunner es nicht so empfindet, gell.
538430	542750	4320	Also. Toni, wir müssen dir etwas sagen.
542870	545710	2840	Wir haben ja ein sehr gutes Verhältnis.
545920	548310	2390	Wir sind gut befreundet, du bist ab und zu hier,
548570	551430	2860	wir habens immer lustig. Wir haben eine tolle Freundschaft.
551650	553750	2100	Wir meinen es auch immer gut mit dir. Ja, immer gut, ja.
553920	557670	3750	Was du aber in den letzten Wochen gemacht hast, geht irgendwie nicht.
557830	563070	5240	Ihr habt doch als Parteimaskottchen für den Wahlkampf 2015
563310	568150	4840	einen Stoffhund aus China vorgestellt.
568310	573470	5160	Ihr nennt ihn Willi. Benannt nach Willi Tell.
573560	578230	4670	Wilhelm Tell. Kannst du es jetzt erklären?
578370	581070	2700	Wir fangen noch mal ganz von vorne an. Ja.
581170	583350	2180	Toni, jetzt musst du zuhören!
583460	585830	2370	Wilhelm Tell war kein Berner Sennenhund. Nein.
585930	587950	2020	Lachen
588160	589950	1790	Und das hat auch nichts mit Freiheit zu tun.
590130	594150	4020	Einen solchen Hund muss man führen, er muss folgen, absitzen,
594360	597230	2870	sich hinlegen. Man muss ihn an der Leine führen. Ja.
597320	599390	2070	Und es ist auch nicht so,
599510	602950	3440	dass Wilhelm Tell Gessler Stöckchen apportieren musste.
603050	604990	1940	Ja. Das war nicht so.
605120	607630	2510	Es geht nicht, dass man aus unserem Nationalheiligen Wilhelm Tell
607840	610470	2630	einen Hund macht. Das geht nun wirklich nicht.
610570	614190	3620	Und dann erst noch einen Hund aus synthetischem Plüsch aus China,
614220	616270	2050	der tot ist.
616410	618430	2020	Natürlich ist er tot, wenn er lebendig wäre,
618570	620350	1780	hätten ihn die Chinesen längst gefressen.
620610	622910	2300	Lachen Aber das ist ein anderes Thema.
623010	625030	2020	Ich frage mich einfach Folgendes:
625230	627150	1920	Das Gadget, das du da ausgesucht hast -
627280	631630	4350	was sagt eigentlich Toni Bortoluzzi zu diesem schwulen Plüschtierchen?
631790	635390	3600	Oder habt ihr da einen Hirnlappen eingefügt?
635570	637750	2180	Man weiss es nicht. Man weiss es nicht.
637970	639830	1860	Und Toni, noch etwas.
640010	643310	3300	Dein Wahlkampfleiter, SVP-Nationalrat Rösti, hat gesagt,
643520	646550	3030	der Sennenhund bewache nicht nur den Hof,
646650	648990	2340	sondern er könne auch die Zähne fletschen.
649160	653670	4510	Hör zu, Toni: Ein Plüschhund hat keine Zähne. Er kann nicht beissen.
653890	658910	5020	Bis jetzt haben wir im Franz Carl Weber - und wir haben recherchiert -
659140	662150	3010	keine einzige Bissmeldung vernommen. Nein, nein.
662260	664110	1850	Lachen
664210	666550	2340	Da kann man noch so lange mit diesen Plüschtieren spielen -
666650	668750	2100	sie beissen leider nicht.
668930	672070	3140	Jetzt muss man sich mal die Reaktion der politischen Gegner vorstellen.
672160	675830	3670	Z.B. die SP. Wenn die gute Ideen hätten ... Gut, das ist eher selten.
675910	677750	1840	Lachen
677930	679750	1820	Aber angenommen, sie hätten jetzt eine
679930	681630	1700	und würden auch ein solches Plüschtier ...
681770	683830	2060	Gut, dann kämen sie mit dem Zebra. Das meine ich auch nicht.
684010	685790	1780	Aber stellen Sie sich vor, die SP würde als Gadget
686050	689190	3140	für die nächsten Wahlen ein Robidog-Säckchen aus Plüsch
689450	693550	4100	herstellen und euch hinterherrennen. Das ist doch dann kein ...
693680	696030	2350	Das geht einfach nicht.
696350	698710	2360	Und bitte, wenn ihr das nächste Mal einen solchen Flohmarkt
698890	703190	4300	auf die Strasse stellt, macht das bitte nicht in einem Halteverbot!
703340	705670	2330	Lachen Das seht ihr oben rechts.
705770	708230	2460	Das geht nicht! Das gibt einfach nur Streit!
708450	711430	2980	Streit gibt es übrigens auch wegen eurer Idee.
711540	713790	2250	Free Willy ist schon besetzt!
713950	715830	1880	Das kann man jetzt leider nicht mehr bringen.
716050	717750	1700	Das gibt Probleme mit den Amerikanern,
717850	719590	1740	und davon haben wir schon genug.
719680	721430	1750	Hör zu Toni, wieso hast du nicht vorher uns gefragt?
721530	723350	1820	Wir hätten dir das sagen können.
723480	725590	2110	Andere Parteien fragen auch uns und wir beraten sie.
725810	728470	2660	Klar. Komm, wir geben gleich ein Beispiel.
728570	730430	1860	Die Grünen haben uns gefragt,
730640	733710	3070	welches Maskottchen sie nehmen sollen.
733810	735670	1860	Gackern
735770	737510	1740	Lachen
737680	739750	2070	So was wäre doch herzig. Wir fanden das wirklich gut.
739900	744470	4570	Ein Gadget, das nicht nur für das Wahljahr 2015 geeignet ist.
744640	750190	5550	Es hat auch ein Modul für 2019. Lustige Musik
754280	757390	3110	Mit dem kann man eine Wahl bestimmen.
757630	760910	3280	Da ist es klar, dass wir sie beraten haben.
761130	764550	3420	Lustige Musik Es reicht jetzt. Sei jetzt ...
764640	767750	3110	Aline! Es reicht. Hast du Aline Trede gesagt, dass sie Vorbild war?
767970	770030	2060	Nicht? Das habe ich vergessen.
770130	773750	3620	Das ist jetzt blöd. Nun egal, wir machen weiter.
774010	778030	4020	Wir haben heute wieder eine Zuschauerin des Tages.
778130	782990	4860	Diesmal ist es Nicole aus Zug.
783040	785190	2150	Sie ist Zuschauerin des Tages,
785310	788270	2960	weil es ihr Freund - neben ihr - wollte.
793470	797590	4120	Entspannte Bassklänge
800580	804630	4050	Die Bassklänge gehen weiter.
806690	809310	2620	Er pfeift.
812800	814950	2150	Applaus
817340	819270	1930	Lachen
821680	823590	1910	Er pfeift.
824860	829030	4170	Entspannte Bassklänge
840360	842710	2350	Abruptes Ende der Musik
845800	850030	4230	Applaus
865950	868790	2840	Eine neue Studie - eine gfs-Studie - hat ergeben,
869010	870710	1700	dass über 1/2 der Schweizer Jugendlichen
870930	872790	1860	Probleme mit der Politik haben,
872890	875230	2340	sie verstehen die Abstimmungen und die Politiker nicht.
875300	878630	3330	Also wenn das ein Zeichen für Jugendlichkeit ist,
878810	880830	2020	dass man die Politiker nicht versteht,
881090	883510	2420	bin ich noch wahnsinnig jung, Mike. Lachen
883730	886150	2420	Den Jungen muss man zugute halten, dass sie im Gegensatz
886250	888950	2700	zu den Erwachsenen wenigstens zugeben, dass sie nichts verstehen.
889160	893230	4070	Gut, die Studie hat gezeigt, dass zu Hause offenbar nicht mehr
893280	895510	2230	über Politik diskutiert wird, am Familientisch.
895730	898990	3260	Das ist verloren gegangen. Ich weiss nicht ...
899090	901310	2220	Mike, du, früher - ihr habt am Familientisch
901530	903510	1980	miteinander über Politik diskutiert, oder?
903660	906110	2450	Nein. Nicht?
906370	908790	2420	Wir haben gegessen. Lachen
908980	912790	3810	Okay, Okay. Applaus
919110	921390	2280	Man muss die Jungen
921620	924230	2610	eben vielleicht auch ein wenig an die Politik heranführen.
924410	926710	2300	Ich habe z.B. das Gefühl, dass wenn die Jungen
926830	929470	2640	einmal den Einbürgerungstest in Einsiedeln machen müssten,
929670	932190	2520	dann hätten sie, was es braucht für ...
932320	935790	3470	Bennau, Egg, Wilerzell, Euthal, Gross, Trachslau.
935900	938270	2370	Ja, natürlich, klar. Vielleicht müsste man eben auch ...
938430	941470	3040	Das wäre dann nicht so ein elitäres Politikerdeutsch.
941660	944390	2730	Man müsste dann vielleicht auch ganz neue Abstimmungszettel entwerfen,
944480	946430	1950	mit denen man den Jungen ein wenig entgegenkommt,
946640	949990	3350	damit sie wissen, worum es geht, und wie man abstimmt.
953160	958190	5030	Man muss ja die Leute dort abholen, wo sie sind - auch mit ihrer Sprache.
958360	960190	1830	Ja, und wenn sie das nicht begreifen,
960320	964350	4030	kann man diese Zettel ja bereits mit dem Häkchen drucken und verteilen.
964540	968550	4010	Mir ist es unverständlich, dass sich die Jugend nicht hinreissen lässt
968670	971190	2520	von diesen Politikern, die bei uns
971400	974030	2630	ja wirklich mit wahnsinnig viel Engagement und Emotionen
974210	978910	4700	politische Diskussionen anreissen, die wirklich toll sind,
979160	981790	2630	bei denen es einem einfach die Socken auszieht.
981960	985150	3190	Wenn ich Brandreden höre, z.B. von Politikerinnen
985260	989310	4050	wie SP-Nationalrätin Margret Kiener Nellen, dann ...
989470	991590	2120	Hören Sie mal zu! Dieses Engagement ...
991760	994470	2710	Und Sie, geschätzte Frau Bundesrätin,
994590	998070	3480	werden uns ja nächstes Jahr ...
998240	1003550	5310	... ein Energielenkungssystem ins Parlament bringen.
1003760	1008830	5070	Dieses soll kräftig unterstützt werden ... äh ...
1009030	1012030	3000	... mit dem Gegenvorschlag ... äh ...
1012270	1017030	4760	... für den meine Partei, die SP, und ich auch ...
1017180	1021670	4490	... uns ganz engagiert einsetzen werden.
1021780	1023870	2090	Lachen
1024040	1028030	3990	Ey! Applaus
1028579.9999999999	1030670.0000000001	2090	Ist sie fertig? Ja, sie ist fertig.
1030859.9999999999	1032869.9999999999	2010	Ja, ja, sie ist fertig.
1033119.9999999999	1039710	6590	Also, wenn einen das nicht ... Da geht man ja gleich wieder stimmen.
1039940	1044230	4290	Einfach nicht für diese Partei. Lachen
1044390.0000000001	1047470	3080	An der Olma - das ist in der Ostschweiz bekannt -
1047640.0000000001	1050880	3240	gibt es offenbar ziemlich grosse Probleme mit betrunkenen Leuten,
1051040	1053760	2720	die sich dort prügeln, überall hinurinieren.
1053860	1056930	3070	Ja, die Olma wird zur Vollma.
1057150	1059050	1900	Okay, ist gut, ich wollte nicht unterbrechen!
1059260	1061290	2030	Komm, bleib jetzt einmal bei der Sache! Ja, ja.
1061520	1064090	2570	Ich muss dir allerdings ein wenig Recht geben, denn Olma heisst ja:
1064300	1068530	4230	Ostschweizer Landwirte mit Alkoholproblem.
1068720	1071540	2820	Es wird immer gesagt, dass diese Leute an der Olma saufen.
1071660	1073660	2000	Das ist natürlich nicht ganz korrekt.
1073870	1076820	2950	Sie degustieren einfach etwas über den Durst.
1077060	1079980	2920	Äh, ja, sehr exzessiv degustieren. Ja, sehr exzessiv.
1080200	1083500	3300	"Gut, es ist ja auch ein schmaler Grat zwischen ""sehr gemütlich"""
1083640	1088180	4540	"und ""soll ich dir eine reinhauen?"". Das passiert relativ schnell."
1088280	1091340	3060	Und, schau mal, die Menschen, die regelmässig an die Olma gehen
1091520	1095100	3580	und jedes Mal an der Olma dasselbe sehen. Es wird ja immer dasselbe ...
1095370	1097420	2050	Da fängst du einfach an zu saufen mit der Zeit.
1097610	1099740	2130	Dafür habe ich ein gewisses Verständnis.
1099840	1101660	1820	Ja, denn wegen der Käseküchlein gehst du nicht dorthin.
1101750	1103380	1630	Nein, sicher nicht.
1103600	1105540	1940	Wobei es gibt immer ein paar Höhepunkte an der Olma.
1105630	1107420	1790	Was schon traditionell ist,
1107570	1110860	3290	wenn der Bundespräsident des jeweiligen Jahres, dorthin kommt,
1111030	1114940	3910	und immer so ein Ferkel halten muss. Das hat schon Tradition.
1115100	1118860	3760	Dieses Jahr musste Bundespräsident Burkhalter das tun.
1119110	1122300	3190	Dieses Jahr hatte es so viele Besoffene,
1122560	1125420	2860	dass er z.T. Fehlgriffe machte. Lachen
1125560	1129580	4020	Es ist einfach schwierig. Aber ich frage mich einfach:
1129770	1133540	3770	Warum macht niemand etwas gegen den betrunkenen Pöbel dort?
1133700	1135820	2120	Die Polizei sagt, ihr seien die Hände gebunden.
1135940	1140020	4080	Solange ein Besoffener keinen Senf zu seiner Bratwurst nehme,
1140200	1142860	2660	könnten sie nichts tun. Lachen
1143040	1145820	2780	Wenden wir uns kurz dem Ausland zu.
1146040	1148740	2700	Wir sind gespannt, wie es in Deutschland läuft.
1148920	1150900	1980	Und immer, wenn wir uns diese Frage stellen,
1151000	1153660	2660	haben wir einen lieben Gast bei uns: einer, der Deutschland
1153770	1157100	3330	sehr gut kennt, weil er erstens eigentlich Türke ist,
1157290	1159300	2010	und zweitens in Bayern wohnt.
1159480	1161900	2420	Wir begrüssen ihn ganz herzlich: Django Asül!
1162000	1165420	3420	Applaus
1167660	1170580	2920	Vielen Dank! Vielen Dank, vielen Dank.
1170800	1175540	4740	Das tut in der Seele gut, weil jetzt ist es wirklich so weit:
1175640	1180060	4420	Ich muss auswandern. Doch am liebsten in die Schweiz.
1180240	1183140	2900	Ich komm auch als Secondo - da habe ich kein Problem damit.
1183230	1184940	1710	Aber ich sage Ihnen eins:
1185050	1186780	1730	In Deutschland ist es nicht mehr auszuhalten,
1186900	1188860	1960	nicht mal mehr bei uns in Bayern.
1189000	1191780	2780	Wir in Bayern erleben gerade eine Flut von Flüchtlingen.
1192000	1195780	3780	Gut, scheinbar hat es sich bei den Flüchtlingen
1195960	1199340	3380	noch nicht durchgesprochen, dass ja in Bayern die CSU regiert.
1199490	1204500	5010	CSU - kennen Sie? SVP plus Lederhose oder Tirolerhut.
1204660	1208900	4240	Und die Flüchtlinge - denen ist das scheinbar wurst.
1209080	1212820	3740	Der Generalsekretär der CSU hat neulich sogar gesagt:
1213000	1218340	5340	"""Lampedusa ist kein Vorort von Kiefersfelden."""
1218530	1223460	4930	Aber von Erdkunde haben die Flücht- linge auch leider keine Ahnung.
1223660	1227340	3680	Das Gute ist ja: Sie in der Schweiz gehen so ein Thema ganz anders an.
1227540	1232580	5040	Bei Ihnen gibt es ja dieses Ecopop. Das finde ich eine tolle Sache.
1232680	1235060	2380	Ich habe mir das erklären lassen. Ecopop heisst ja:
1235170	1238740	3570	Sie kombinieren das Thema Zuwanderung mit Umweltschutz.
1238890	1241020	2130	Ecopop heisst ja quasi:
1241190	1245820	4630	Durch die Zuwanderung verpestet der Zuwanderer die Schweizer Luft,
1245970	1249740	3770	weil er kommt ja entweder mit dem Flugzeug oder mit dem Auto.
1249920	1253420	3500	Also verübt quasi einen Kohlen- dioxidanschlag auf den Schweizer.
1253600	1260220	6620	Oder er kommt zu Fuss. Dann ist er allerdings ein Armutsflüchtling.
1260400	1264580	4180	Das ist wiederum sozialpolitisch bedenklich
1264760	1270020	5260	und auch hygienisch auch manchmal nicht so astrein.
1270230	1272580	2350	Wissen Sie, unser Problem in Bayern ist ja v.a:
1272700	1277380	4680	Wir können für soziale Zwecke wie z.B. Abschottung
1277590	1281220	3630	nicht die Bundeswehr einsetzen. Das ist das Problem.
1281330	1284140	2810	Im Gegenteil: Die deutsche Bundeswehr wird immer harmloser.
1284320	1286420	2100	Wir haben neuerdings eine Verteidigungsministerin,
1286640	1290460	3820	die heisst von der Leyen, und wissen Sie, was deren oberstes Ziel ist?
1290680	1293380	2700	Sie will die Bundeswehr in Deutschland
1293470	1295500	2030	zum beliebtesten Arbeitgeber machen -
1295650	1298500	2850	quasi statt bumm-bumm-bäng-bäng nur noch Wellness.
1298760	1301940	3180	Aber das schafft ihr auch viele Freunde.
1302230	1305420	3190	Ein türkischer Bekannter von mir z.B. ist seitdem ein Riesenfan.
1305540	1307220	1680	Er meinte neulich zu mir:
1307480	1310780	3300	"Mit gespieltem türkischem Akzent: ""Diese Von der Leyen"
1311000	1313660	2660	"jetzt unbedingt muss kriegen Friedensnobelpreis."""
1313840	1317140	3300	"""Jetzt sogar Pazifisten sind zufrieden mit Bundeswehr."""
1317360	1319660	2300	"""Hab ich jetzt gesehen bei Demonstration eine Schild,"
1319780	1322580	2800	wo steht drauf:
1322760	1325820	3060	"""'Vielen Dank, Frau Von der Leyen, statt Schwerter zu Flugscharen"
1325990	1329460	3470	"Sie machen jetzt Panzer zu Schrotthaufen.'"""
1329700	1334220	4520	"""Ja, weil Problem ist, komplette Ausrüstung von Bundeswehr Schrott."""
1334400	1339340	4940	"""Z.B. Fallschirmjäger jetzt haben keine Sturmgewehr"
1339430	1344700	5270	"und keine Nachtsichtgerät. Musst du vorstellen: keine Nachtsichtgerät!"""
1344820	1349580	4760	"""Dann Fallschirmjäger landet, dann er erst muss Feind fragen:"
1349760	1351780	2020	"'Hey, ist jetzt Nacht?'"""
1352000	1356660	4660	"""Und wenn Feind sagt: 'Ja.', er sagt: 'Hände hoch!'"""
1356820	1360900	4080	"""'Aber ich kann nicht schiessen.'"" Lachen"
1361000	1364300	3300	"""Und diese Von der Leyen als Verteidigungsministerin"
1364390	1368220	3830	jetzt auch hat gesagt: 'Wir müssen sparen, wir müssen Material schonen,
1368290	1372460	4170	darum Fallschirmjäger bei Absprung darf nur im Ernstfall
1372600	1377260	4660	"Fallschirm aufmachen - nicht bei Manöver.'"""
1378400	1381420	3020	"""Jetzt ist rausgekommen, alle Hubschrauber auch noch kaputt,"
1381630	1383660	2030	"keine kann fliegen."""
1383880	1387620	3740	"""Weisst du, wie Bundeswehr jetzt benutzt Hubschrauber?"""
1387880	1391180	3300	"""Nur im Sommer - als Ventilator."" Lachen"
1393090	1395300	2210	"""Und jetzt Fallschirmjäger sagen auch:"
1395450	1397740	2290	'Aber ohne Gewehr für uns keine Problem,
1397890	1401820	3930	"weil Gewehr vom Bundeswehr sowieso kann nicht geradeaus schiessen.'"""
1401980	1405500	3520	"""Ist auch peinlich. Bevor du willst schiessen, musst du eh schreien:"
1405690	1409500	3810	'Eh, ich jetzt gleich schiessen, aber wahrscheinlich du musst gehen
1409660	1413020	3360	"1 m nach links, sonst ich kann dich nicht treffen!'"""
1413110	1418260	5150	"""Diese Verteidigungsministerin jetzt auch noch hat gesagt:"
1418350	1420460	2110	"'Wir brauchen mehr Frauen bei Bundeswehr.'"""
1420680	1422780	2100	"""Wenn gibt viele Frauen bei Bundeswehr,"
1423000	1425140	2140	"kannst du vorstellen bei Mobilmachung?"""
1425250	1427540	2290	"""Dann alle stehen am Morgen vor Spind,"
1427700	1430860	3160	"wissen nicht, was sie sollen anziehen."""
1430970	1434820	3850	"""Ja, und bevor alle angezogen, Krieg schon vorbei."""
1435150	1439260	4110	"""Oder Putin schon durchmarschiert bis Paris."""
1439350	1442780	3430	Da habe ich mir auch gedacht: Dank dieser Frau Von der Leyen,
1442940	1445220	2280	unserer hochgeschätzten Verteidigungsministerin,
1445350	1448540	3190	hat die Heilsarmee in Deutschland mittlerweile mehr Durchschlagskraft
1448800	1453180	4380	als die Bundeswehr - und Deutschland ist ein wichtiger NATO-Partner
1453330	1456020	2690	und innerhalb der NATO bezeichnet man die Frau Von der Leyen
1456150	1458540	2390	auch schon als Lady Gaga.
1458800	1461100	2300	Sie haben jetzt vielleicht Verständnis, dass ich sage:
1461310	1464500	3190	Bitte helfen Sie mir! Ich würde sehr gerne in Zukunft hier leben.
1464630	1466900	2270	Ich habe auch keine hohen Ansprüche,
1467040	1469460	2420	notfalls wohne ich auch gerne gegen ... äh, nicht gegen,
1469630	1471620	1990	sondern neben Ihrem hochgeschätzten Sepp Blatter.
1471750	1474140	2390	In diesem Sinne, vielen Dank!
1474190	1477020	2830	Applaus
1477120	1479420	2300	Django Asül!
1483120	1485220	2100	Liebe Zuschauerinnen und Zuschauer,
1485420	1487900	2480	ich unterhalte mich jetzt zum Thema herbstliche Küche
1488030	1493640	5610	wieder einmal mit einem der bekanntesten Fruktarier der Schweiz,
1493770	1496800	3030	Werder Sommerhalder.
1496960	1500160	3200	Herr Sommerhalder, der Herbst ist ja für Sie,
1500270	1502720	2450	da Sie ausschliesslich pflanzliche Kost zu sich nehmen,
1502890	1506440	3550	die von selbst von der Pflanze fällt, eine tolle Jahreszeit.
1506640	1511400	4760	Jawohl, jetzt, wo sich unsere Natur so harmonisch entschlackt,
1511640	1517280	5640	und all die Köstlichkeiten auf den empfängnisbereiten Waldboden
1517510	1522200	4690	herabfallen lässt, ist das für mich ein permanentes Festessen.
1522250	1527000	4750	Was genau essen Sie denn von diesem Waldboden?
1527170	1532240	5070	Ja, schauen Sie sich doch mal dieses herrliche Blättermenü an!
1532390	1536840	4450	Im Herbst bin ich ja eher Frons-Fruktarier.
1536950	1543360	6410	Frons ist Latein für Laub. Aha. Und ist das Laub eher das Hauptmenü?
1543510	1546680	3170	Oder eine Beilage? Beides.
1546860	1551400	4540	Aber als Frons-Fruktarier nehme ich den Bäumen die Blätter nicht weg,
1551580	1555040	3460	sondern warte, bis sie mir die freiwillig geben.
1555120	1559640	4520	Z.B. hier. Mmmh!
1562630	1566330	3700	Aha. Und das essen Sie ohne ...
1566430	1573020	6590	Dazu könnte man doch auch Salatsauce essen, eine freiwillige natürlich?
1573120	1575500	2380	Eine Salatsauce braucht es gar nicht.
1575720	1579580	3860	Denn das Laub wurde bereits vom Kosmos zubereitet
1579680	1585260	5580	und von der Mond-Aura gewürzt. Haben Sie denn Lieblingsblätter?
1585440	1588500	3060	Oder kommt es bei diesem Laub nicht mehr drauf an?
1588660	1591340	2680	Ich zeige Ihnen meine Lieblingsblätter.
1591510	1595860	4350	Und auch meine Lieblingsbäume. Natürlich kommt es drauf an.
1596080	1600140	4060	Denn wir ... Oh! Umgefallen.
1600240	1604860	4620	Also dieser empfängnisbereite Waldboden tut ziemlich weh.
1605010	1609300	4290	Das ist nur, weil Sie nicht freiwillig umgefallen sind.
1609510	1611940	2430	Mit den Blättern ist das genau dasselbe.
1612160	1615300	3140	Die müssen freiwillig rechtsdrehend runterfallen,
1615370	1619380	4010	damit die erdmagnetischen Schwingungen
1619480	1623620	4140	in den Magen-Darm-Trakt übertragen werden.
1623840	1629380	5540	Und weshalb werfen Sie jetzt die Kastanien weg?
1630710	1633140	2430	Ich werfe sie nicht weg.
1633220	1635380	2160	Wenn immer so viel Nahrung runterfällt,
1635540	1640100	4560	muss man sich manchmal beim Universum bedanken.
1640310	1643260	2950	Das ist eine frons-fruktarische Opfergabe,
1643410	1647260	3850	wenn ich diese Kastanie ins Orbit hochfallen lasse.
1650350	1655980	5630	Oh! Runtergefallen - freiwillig. Mmmh!
1658520	1665380	6860	Mmmh! Rausgefallen - freiwillig.
1667710	1670580	2870	So viel zur fruktarischen Herbstküche.
1670710	1672860	2150	Schmatzgeräusche
1672940	1675140	2200	Das nächste Mal zeigen wir dann,
1675230	1680380	5150	wie Werner Sommerhalder beim ersten Schnee ein Sorbet isst.
1681630	1685860	4230	Applaus
1686040	1691300	5260	Nichts Schönes. Dass man solche Dinge tut ...
1692810	1696060	3250	Okay, Viktor, wie sieht es aus mit einem Kaffee?
1696270	1698980	2710	Sehr gerne, einen Espresso - kein Cappuccino,
1699120	1703220	4100	denn davon wird man krank. Was? Weshalb macht Cappuccino krank?
1703390	1706420	3030	Denn vom Cappuccino wird man krank - das sagen alle Experten.
1706500	1708340	1840	"""Ey, was ist mit Vujo los? Ist der krank?"""
1708450	1711220	2770	"""Hat er einen Cappuccino getrunken?"""
1711390	1715540	4150	Na, also. Das ist ja interessant. Ja.
1715660	1721380	5720	Unser Sender hat für Oktober ein durchgängiges Thema bekanntgegeben -
1721590	1723860	2270	was ist es Renaissance? Nein, Barock.
1724010	1726420	2410	Barock. Barock.
1726520	1730380	3860	Leichte Streichmusik
1730780	1735460	4680	"Diese ganze Aktion heisst ""Barock - mon amour"""
1735610	1737780	2170	und da fragt man sich natürlich einfach:
1738000	1744500	6500	Warum Barock? Warum Französisch? Warum Liebe? Und warum ich? Nicht?
1744720	1747500	2780	Es ist ja auffällig, dass sehr viele Moderatoren
1747660	1750340	2680	bei diesem Zeug mitmachen und Perücken und solche Dinge tragen -
1750480	1752740	2260	also wirklich: Das würde ich nie tun.
1752920	1755580	2660	Nie würde ich bei einer solchen Aktion.
1755720	1759660	3940	Aber Mike, gerad du wärst prädes- tiniert dafür, findest du nicht?
1759750	1762340	2590	Lachen
1762480	1765380	2900	Gerade für den Barock fände ich das toll.
1765560	1767420	1860	Wir haben schon relativ lange bei diesem Sender
1767550	1769660	2110	ein viktorianisches Zeitalter - seit 2 Jahrzehnten.
1769830	1773420	3590	Einfach ohne mon amour. Ja, wie auch immer.
1773530	1777180	3650	Man hätte ja auch andere Themen wählen können, nicht nur Barock.
1777270	1780380	3110	Ich weiss nicht, wie sie darauf gekommen sind.
1780600	1782460	1860	Das wäre z.B. eine Möglichkeit gewesen:
1782680	1785940	3260	Oder ein weiteres Beispiel wäre das hier:
1786040	1788580	2540	Das wäre auch interessant gewesen. Ja, das wäre auch interessant.
1788750	1790820	2070	Aber eigentlich haben wir heute ja ein ganz anderes Thema -
1791040	1792820	1780	wir für unsere Sendung - nämlich dieses hier:
1792920	1797580	4660	Denn wir haben heute nämlich
1797800	1801300	3500	einen sehr speziellen, keinen alltäglichen Gast.
1801470	1804700	3230	Eigentlich haben wir da ja ein wenig ein ...
1804890	1807220	2330	Wir haben ein protokollarisches Problem.
1807350	1809420	2070	Ein protokalisches Problem. Ein protokollarisches.
1809520	1811500	1980	Ein protokal... Protokollarisch.
1811720	1813340	1620	Ein protokollarisches Problem, sag ich doch!
1813470	1815260	1790	Du hörst nicht richtig zu.
1815520	1818580	3060	Jedenfalls ist es ja so: Wenn Gäste kommen, stehen wir nicht auf,
1818720	1823020	4300	sondern bitten die Gäste einfach so hierhin.
1823240	1827180	3940	Wir fanden ... Mike, ich finde, wir müssten jetzt aufstehen.
1827350	1830150	2800	Nein! Doch, es ist eine Bundesrätin.
1830270	1832670	2400	Wir sind Republikaner, wir ziehen es jetzt durch.
1832830	1835790	2960	Okay, gut. Wir sind Republikaner und aus demokratischen Gründen
1836080	1838470	2390	bleiben wir sitzen, aber mit dem grössten Respekt,
1838720	1841110	2390	denn wir freuen uns wirklich auf diesen Gast.
1841200	1845910	4710	Herzlich willkommen bei uns, Bundesrätin Eveline Widmer-Schlumpf.
1846000	1849470	3470	Applaus
1851750	1854550	2800	Grüezi. Grüezi, Herr Müller. So, bitte sehr.
1854720	1857110	2390	Applaus
1858830	1864510	5680	Herzlich willkommen, Frau Widmer. Danke.
1865350	1868030	2680	Sie sind ja eine Frau, die weit gereist ist,
1868170	1869870	1700	auch diese Woche wieder.
1870050	1872510	2460	Es ist ja unheimlich, wenn man immer wieder sieht, wo Sie gerade sind
1872690	1874470	1780	und unsere Schweizer Interessen verteidigen.
1874660	1876950	2290	Sie waren sowohl in den USA als auch in Luxemburg -
1877090	1878750	1660	in derselben Woche.
1878910	1881070	2160	Und dann noch an ihrem eigenen Parteitag,
1881270	1883870	2600	das war wohl das Schlimmste.
1884040	1886270	2230	Nein, aber das war wenigstens nahe, nehme ich an.
1886410	1888470	2060	Wie ist das, wenn man so herumreist?
1888720	1891510	2790	Haben Sie keine Mühe damit? Jetlag usw., dann wieder Sitzungen.
1891600	1893870	2270	Nein, das kenne ich nicht, das ist super.
1893990	1895710	1720	Das geht bei mir ... Das lernte ich.
1895990	1900590	4600	Ich bin Mutter von 3 Kindern und arbeitete immer in der Nacht.
1900720	1904110	3390	Ich kann den Jetlag also mit Arbeit überbrücken.
1904380	1906830	2450	3 Kinder - das ist also wie ein permanenter Jetlag.
1906990	1909030	2040	Ja, mehr oder weniger. Lachen
1909120	1912430	3310	Zumindest mit meinen Kindern.
1912540	1914910	2370	Sie schlossen diese Woche ja erfolgreich ab.
1915100	1918110	3010	In den USA ging es um ... Was ist ...
1918270	1921110	2840	Diese ganzen Steuervorlagen sind so kompliziert,
1921340	1923950	2610	da habe ich den Überblick längstens wieder verloren.
1924160	1925830	1670	Ich bewundere ... Nicht nur Sie.
1926040	1927910	1870	Nicht nur Sie? Nein.
1928160	1930270	2110	Aber Sie haben ihn noch, oder? Ich glaube schon, ja.
1930450	1933030	2580	Aber nicht alle glauben es, dass man ihn noch hat.
1933120	1934710	1590	Ja, das ist klar.
1934880	1936710	1830	Es ist auch sehr kompliziert, oder? Eigentlich nicht.
1936960	1938590	1630	Nicht? Nein.
1938760	1940510	1750	Aber Sie müssen den Leuten manchmal
1940710	1942590	1880	ein paar komplizierte Dossiers vermitteln.
1942830	1945550	2720	Dem Volk, dem Parlament. Was ist schlimmer?
1945750	1948950	3200	Wer ist schwerer von Begriff - das Parlament oder das Volk?
1949180	1953790	4610	Also ich sage, wer es gut versteht, und das ist das Volk.
1953920	1956870	2950	Aha. Also wir beide?
1957060	1959630	2570	Ja, wir beide, genau. Lachen
1959740	1961670	1930	Das ist eine tolle Aussage.
1961780	1963470	1690	Das Parlament nicht ...
1963590	1965230	1640	Ich sage nichts gegen das Parlament,
1965390	1967070	1680	ich muss morgen wieder in eine Kommission.
1967140	1968550	1410	Lachen
1968730	1971150	2420	Dann wollen wir sie jetzt nicht in Verlegenheit bringen.
1971350	1974750	3400	Aber dennoch: Sie müssen manchmal komplizierte Sachverhalte erklären
1975000	1976990	1990	und hoffen, dass das bei den Leuten, denen Sie es erklären,
1977230	1978950	1720	auch richtig ankommt.
1979160	1981430	2270	Denn sonst kann man ja keinen politischen Fortschritt machen.
1981590	1984310	2720	Sie haben ja gewaltige Dossiers, und alle sind etwas kompliziert.
1984520	1989030	4510	Ja, sie sind kompliziert - es ist kompliziert, sie einfach zu machen.
1989230	1991430	2200	Sie so zu machen, dass man sie versteht.
1991680	1995830	4150	Wenn Sie jetzt z.B. nach Luxemburg kommen oder nach Washington
1996010	1998870	2860	oder wo auch immer: Was für ein Gefühl ist es,
1999040	2001390	2350	wenn man als Schweizer Vertreter dorthin kommt?
2001490	2003790	2300	Nach Luxemburg oder nach Brüssel.
2003880	2006910	3030	Dann sieht man die anderen, was denken sie wohl?
2007060	2011270	4210	"Denken sie: ""Oh, jetzt kommt die Schwierige aus der Schweiz,"
2011390	2014670	3280	"die Ausnahmeregelungen möchte und so."""
2014880	2017310	2430	Wie ist das? Wie ist dieses Gefühl?
2017490	2019550	2060	Es ist ein gutes Gefühl, wenn die anderen denken,
2019730	2021790	2060	dass man ein schwieriger Partner ist.
2021880	2023470	1590	Es ist besser so, als wenn sie das Gefühl haben:
2023670	2025510	1840	"""Mit denen kann man machen, was man will."" Ah."
2025670	2027710	2040	Das merkten sie. Dass das nicht so einfach ist.
2027910	2029750	1840	D.h., sie haben etwas Angst vor Ihnen in Brüssel?
2030000	2032310	2310	Nein, so sehe ich nicht aus, oder? Ja - nein, nein.
2032440	2034430	1990	Lachen
2034610	2036990	2380	Aber ich wüsste Leute in der Schweiz, die Angst haben vor Ihnen.
2037160	2039750	2590	Ja, die kenne ich auch, aber ... Lachen
2040030	2043270	3240	Aber Sie können jeweils schon kontern,
2043410	2048750	5340	denn Sie haben ja auch schon vieles erlebt.
2048960	2052070.0000000002	3110	Ich würde sagen, wer in der Schweiz ...
2052199.9999999998	2054190	1990	Es gibt selten Leute,
2054310	2056469.9999999998	2160	die einen grösseren Shitstorm erlebten als Sie.
2056620	2060670	4050	Nicht nur Sie als Person, sondern überhaupt die Bundesräte.
2060830	2063790	2960	Als Bundesrat kann man es ja nie allen recht machen.
2064000	2067190	3190	"Wenn man die Zeitung liest: ""Das ist nicht richtig, das ist falsch,"
2067350	2070750	3400	"das machte sie nicht richtig."" Wie geht man damit um?"
2070960	2074590.0000000002	3630	Gestern sagte ein Kollege an der Parteiversammlung zu mir:
2074800.0000000002	2076590.0000000002	1790	"""Eigentlich sollte man dich zum Psychiater schicken,"
2076800.0000000002	2079989.9999999998	3190	"du schaust immer so zufrieden - da kann was nicht stimmen."""
2080090.0000000002	2083389.9999999998	3300	Es wäre ein teurer Psychiater, er würde aus Steuergeldern bezahlt.
2083500	2085790	2290	Lachen
2085900	2087710	1810	Wer war das?
2087920	2089510.0000000002	1590	Ich würde meinen Mann fragen, wer das bezahlt.
2089699.9999999998	2091909.9999999998	2210	Wer war das, Frau Widmer-Schlumpf? Können Sie mir den Namen ...
2092159.9999999998	2093750	1590	Ich teile Ihnen das nachher vertraulich mit -
2093870	2095590.0000000002	1720	in Ihrem Protokoll, okay?
2095840.0000000002	2097430	1590	Wir stellen es dann auf die Homepage.
2097600	2099230	1630	Kann ich mir vorstellen. Lachen
2099380	2101190	1810	Nein, wir schreiben es gleich auf Twitter.
2101330	2104230	2900	Nein, aber Sie sind kampferprobt.
2104430	2107790	3360	Sie haben aber auch einen Vorteil, den wohl bisher noch niemand hatte:
2108000	2110590	2590	Sie hatten einen Vater, der denselben Job machte.
2110800	2112590	1790	Der auch kampferprobt war. Ja, genau.
2112740	2116310	3570	Bundesrat Leon Schlumpf - Sie kommen aus einer Bundesratsfamilie.
2116420	2118870	2450	Was lernten Sie von ihm?
2119040	2121870	2830	Dass man sich nicht unterkriegen lassen darf.
2122100	2123870	1770	Ja. Also einfach ...
2124080	2126390	2310	"Er sagte immer: ""Du musst alles ganz gelassen nehmen!"""
2126510	2128350	1840	"""Das ändert sich wieder."""
2128500	2131390	2890	"""Die Karawane zieht vorbei und am nächsten Tag ist alles anders."""
2131510	2133350	1840	Und so ist es auch.
2133520	2135470	1950	Und es stimmt: Die Karawane zog z.T. vorbei.
2135700	2137910	2210	Z.T. hat sie ... Es war noch interessant:
2138140	2141430	3290	Vor 7 Jahren waren meine Frisur, meine Schuhe und meine Kleidung
2141530	2143670	2140	das Hauptthema.
2143830	2145990	2160	Dann fragte ich mal einen Journalisten,
2146230	2149150	2920	warum er nie über die Frisur des damaligen Bundesrat Merz
2149390	2152110	2720	oder von Ueli Maurer spricht, sondern immer über meine.
2152260	2154310	2050	Also wir sprechen über die von Ueli Maurer.
2154520	2156950	2430	Ja, ihr zum Glück schon, aber andere nicht.
2157040	2159430	2390	Dann hat sich das immer wieder ... Jetzt ist das kein Thema mehr.
2159540	2161590	2050	Irgendwo ändert es sich dann.
2161690	2163910	2220	Wird eigentlich auch im Bundesrat über solche Dinge geredet?
2164120	2165950	1830	Spricht man über ... Über die Frisur?
2166180	2168270	2090	Ja, nein ... Lachen
2168350	2170230	1880	Nein, das hoffe ich nicht.
2170400	2173230	2830	Aber z.B. ... Gibt es Humor im Bundesrat?
2173350	2175910	2560	Wird dort ab und zu gelacht? Ja, ja.
2176140	2179830	3690	Erzählt ab und zu einer einen Witz oder so?
2180040	2183790	3750	Ja, aber es sind nicht alle Witze salonfähig. Ah ja?
2184000	2185710	1710	Lachen
2185890	2188390	2500	Unter der Gürtellinie? Ja ...
2188520	2191110	2590	Wer erzählt die verruchtesten? Lachen
2191320	2193350	2030	Wir machen immer ein internes Rating.
2193460	2196750	3290	Applaus
2196910	2198750	1840	Nein, das ...
2198890	2201790	2900	Es nimmt mich Wunder, wenn ein Witz erzählt wird im Bundesrat ...
2201970	2204030	2060	Gut, bei den einen kann ich mir vorstellen,
2204230	2206270	2040	dass es eine Weile dauert, bis sie zur Pointe kommen.
2206440	2208150	1710	Aber das ... Lachen
2208320	2210470	2150	... müssen wir nicht ... Ich habe ein anderes Problem:
2210700	2212950	2250	Ich vergesse immer die Pointe, während ich den Witz erzähle.
2213100	2214790	1690	Echt? Ja.
2214910	2216670	1760	Das geht uns manchmal auch so,
2216880	2218630	1750	nur ist es bei uns die grössere Katastrophe.
2218750	2220470	1720	Ja, bei mir ist es keine.
2220640	2223270	2630	Also mit diesem Talent bekommen Sie bei uns eine Sonntagabend-Sendung.
2223360	2225790	2430	Aber wenn Sie lachen, heisst es auch, dass Sie auch streiten.
2225950	2230030	4080	Sie sind ja alle immer darum bemüht, die Kollegialität zu betonen.
2230290	2233910	3620	Das machen Viktor und ich auch immer bei Interviews -
2234000	2236870	2870	es stimmt ja nicht. Lachen
2237040	2240270	3230	Privat verkehren wir nur noch über unsere Anwälte.
2240410	2242870	2460	Und sein Anwalt sagt, mein Anwalt ... Die Bundesräte auch.
2243120	2247230	4110	Nein, aber wie ist das? Ab und zu streitet ihr euch ja sicher.
2247480	2250670	3190	Ja, ziemlich, das muss auch so sein. Das macht Spass.
2250850	2253110	2260	Gut, könnten wir jetzt die Namen haben?
2253300	2255350	2050	Lachen Immer noch nicht?
2255510	2257790	2280	Das geht doch nicht im Kollegialitätsprinzip. Stimmt.
2257960	2260230	2270	Aber ist es nicht so, dass Sie manchmal denken ...
2260380	2263870	3490	Die Konkordanzpolitik brachte uns in diesem Land zwar sehr viel -
2264080	2267470	3390	das ist unbestritten -, aber wäre es manchmal nicht toll,
2267710	2270470	2760	"wenn man mal sagen könnte: ""Jetzt haben wir eine Mehrheit"
2270680	2273510	2830	und können jetzt mal etwas durchregieren
2273610	2275310	1700	und müssen nicht immer alles mit allen absprechen
2275440	2277510	2070	"und einen Kompromiss machen""?"
2277720	2280190	2470	Ja, manchmal wäre es schön, könnte man befehlen. Aha.
2280380	2282270	1890	Ja. Also das ... Gut.
2282440	2284470	2030	Aber das ist nur ein Moment, dann fällt einem wieder ein:
2284700	2286470	1770	Nein, wir sind in diesem System.
2286590	2290350	3760	Aber die BDP nähert sich ja jetzt der CVP an,
2290600	2293270	2670	es gibt also jetzt ein grösserer Konglomerat.
2293390	2298270	4880	Sind Sie dann irgendwann plötzlich CVPlerin?
2298390	2301670	3280	Nein, ich bin BDPlerin.
2301860	2304550	2690	Das sagten Sie aber auch, als Sie noch bei der SVP waren.
2304720	2305830	1110	Lachen
2306060	2308470	2410	Als ich bei der SVP war, sagte ich nicht, ich sei BDPlerin.
2308680	2311670	2990	Ja, das ist richtig. Denkfehler.
2311880	2314190	2310	Man merkt jetzt einfach die Finanzministerin.
2314360	2319390	5030	Wie ist ... Kann man Sie anfragen, um die Steuererklärung auszufüllen?
2319480	2321270	1790	Könnte ich Ihnen jetzt sagen:
2321460	2324230	2770	"""Füllen Sie mir die aus, Sie sind hier die Fachfrau!"""
2324350	2326430	2080	Dann würde ich sie gleich an meinen Mann weiterverweisen,
2326560	2328790	2230	er macht die Steuererklärung. Ihr Mann macht die Steuererklärung?
2328970	2330870	1900	Ja. Ah ja?
2330980	2333590	2610	Ich finde es so furchtbar, eine Steuererklärung auszufüllen.
2333800	2336230	2430	Lachen Ja, wir alle auch!
2336300	2338670	2370	Applaus
2343530	2347790	4260	Und wenn er bei einem Punkt nicht einverstanden ist, sagt er:
2347940	2351030	3090	"""Hör zu, kannst du das beim nächsten Mal nicht ändern?"""
2351160	2353830	2670	Er sagt es schon, aber es nützt nichts.
2353930	2357210	3280	Da sind Sie also unbestechlich? Ja, ich bin unbestechlich.
2357380	2360330	2950	Aber er macht es gut, er hat viel Erfahrung.
2360440	2362540	2100	Er macht das seit 30 Jahren.
2362800	2365500	2700	Aber baute er auch schon Mist? Hatte er schon Probleme mit den Steuern?
2365680	2367820	2140	Die muss er selbst ausbaden, das geht mich dann nichts an.
2367910	2369660	1750	Ah ja? Ja.
2369810	2371620	1810	Dann verstecken Sie sich hinter Ihrem Mann?
2371750	2373820	2070	Ja, klar.
2373990	2377140	3150	Man hörte ja kürzlich von Barack Obama,
2377270	2379540	2270	dass er mit seiner Kreditkarte bezahlen wollte,
2379710	2383020	3310	diese aber nicht akzeptiert wurde, weil sie nicht mehr gültig war.
2383230	2385140	1910	Ist Ihnen auch schon so was passiert?
2385240	2387180	1940	Oder wenn Sie mal was bezahlen wollen,
2387290	2389380	2090	hören Sie es dann oft, dass man sagt:
2389540	2391740	2200	"""Sie sind doch die Finanzministerin."""
2391880	2393900	2020	Ach, in der Schweiz ...
2394080	2396060	1980	Im Ausland ist man es sich gewohnt,
2396270	2397940	1670	dass wir mit unserer Kreditkarte zahlen.
2398130	2400660	2530	Es ist nicht aussergewöhnlich, dass man die Rechnungen selbst bezahlt.
2400820	2402820	2000	In der Schweiz sind Sie sowieso ...
2402920	2404820	1900	Hier bezahle ich sogar bar,
2405010	2406940	1930	dann schauen mich die Leute ganz seltsam an.
2407120	2408860	1740	Ich gehöre noch zur Generation, die noch bar bezahlt.
2409050	2410780	1730	Oh. Ja.
2411000	2413260	2260	Also unter der Limite von 100'000 Fr.
2413470	2416420	2950	Ach so. Lachen
2416590	2419500	2910	Gut, 100'000 Fr. sind in Ihrem Job ja ein Klacks.
2419700	2422340	2640	Wie gross ist eigentlich das Budget, das Sie verwalten?
2422480	2424180	1700	Wie viel macht das alles zusammen?
2424360	2426300	1940	Also das private oder das des Bundes?
2426420	2428260	1840	Lachen
2428320	2430900	2580	Ich würde mich nie trauen ... Da müsste ich meinen Mann fragen.
2431030	2432740	1710	Ja, dann fragen wir nachher Ihren Mann. Ist gut.
2432930	2435660	2730	Nein, aber über wie viel Geld können Sie verfügen?
2435760	2437780	2020	Ja, also selbst verfügen ist etwas hochgestapelt,
2437940	2440220	2280	aber wir haben 66 Mrd. Budget. 66 Mrd.?
2440390	2443220	2830	Also, da ... Das ist nicht nichts.
2443350	2445900	2550	Nein, das ist nicht nichts.
2446000	2448660	2660	Mir würde es am Morgen schwindlig werden, wenn ich ...
2448760	2451700	2940	Mir nicht, ich sehe noch andere Budgets in anderen Ländern.
2451800	2453900	2100	Ja, das stimmt, da stehen wir noch gut da.
2454120	2458220	4100	Sie sind ja jemand, der - das ist in der Schweiz üblich -
2458470	2460780	2310	per ÖV reist. Ja.
2460880	2463700	2820	Und Sie reisen manchmal ganz allein durch die Schweiz.
2463820	2465980	2160	Glauben es die Leute überhaupt,
2466150	2468580	2430	dass Sie wirklich Frau Widmer-Schlumpf sind?
2468760	2470900	2140	Also ich reise immer allein mit den ÖVs,
2471100	2473980	2880	ich bin immer mit dem Zug unterwegs, fahre nicht gerne Auto -
2474180	2477340	3160	auch nicht gut, ehrlich gesagt, aber v.a. auch nicht gerne.
2477440	2479300	1860	Gut, das hängt zusammen.
2479480	2482660	3180	Jedenfalls fahre ich Zug und werde auch sehr oft angesprochen.
2482830	2485860	3030	Kürzlich fragte mich auch wieder jemand:
2485990	2488320	2330	"""Sind Sie wirklich Frau Widmer?"""
2488450	2490240	1790	"Dann antwortete ich: ""Ja, wollen Sie mir was antun?"""
2490360	2492080	1720	"Dann sagte die Person: ""Nein, nein, nein!"""
2492190	2493960	1770	Lachen
2494110	2496280	2170	Es ist lustig, man hat gute Erlebnisse.
2496460	2500080	3620	Einmal packte eine Frau, die auf der anderen Seite sass,
2500240	2503240	3000	einen Kuchen aus und begann zu essen.
2503410	2506320	2910	Dann schaute sie mich schief an, stellte mir den Kuchen hin
2506470	2510360	3890	"und sagte: ""Essen Sie!"" Ich hatte eigentlich wirklich keinen Hunger."
2510460	2512640	2180	Sie war etwas rundlich.
2512800	2515080	2280	"Dann sagte sie: ""Für Sie ist das besser als für mich."""
2515200	2517200	2000	"Dann dachte ich: ""Ja, das stimmt schon."""
2517290	2518320	1030	Lachen
2518480	2520560	2080	Aber ich wollte trotzdem nichts essen,
2520650	2523720	3070	"doch sie insistierte und sagte: ""Ich tat nichts rein, das Ihnen schadet."""
2523830	2525920	2090	Dann musste ich essen.
2526110	2528040	1930	Das wäre Ihnen nicht passiert, Herr Müller.
2528220	2531560	3340	Nein. Lachen, Applaus
2534160	2536280	2120	Tatsächlich nicht.
2538590	2541440	2850	Jetzt ...
2541620	2543800	2180	Jetzt werde ich noch von Bundesräten angemacht.
2543980	2546160	2180	Nein, überhaupt nicht. Lachen
2546890	2548840	1950	Mike, ich glaube, es war das Gegenteil.
2549040	2551320	2280	Ich möchte das ja nicht interpretieren.
2551540	2554810	3270	Sie haben ja immer wieder Dossiers, die Sie vertreten müssen.
2554920	2557010	2090	Also die einzelnen Bundesräte.
2557240	2559370	2130	In der Konkordanzpolitik muss man manchmal etwas vertreten,
2559480	2562210	2730	das nicht unbedingt den persönlichen Ansichten entspricht.
2562360	2565770	3410	Aber weil es das Gremium so entschieden hat, muss man das tun.
2565920	2568650	2730	Wie ist das jetzt eigentlich mit dieser Pauschalbesteuerung,
2568780	2571050	2270	die Sie vertreten müssen?
2571180	2575010	3830	Finden Sie das gerecht oder müssen Sie sagen, dass das gerecht ist?
2575120	2577130	2010	Oder wie ist das jetzt genau?
2577360	2579490	2130	Der Bundesrat hat entschieden, dass es gut ist,
2579640	2582250	2610	dass man diese Pauschalbesteuerung hat.
2582450	2585850	3400	Da kann man so viel aus den Zwischenzeilen lesen.
2586000	2588250	2250	Das war schon fast eine Abstimmungsempfehlung von ...
2588410	2590330	1920	Nein! Lachen
2590500	2595690	5190	Nein, aber verknacken Sie einander manchmal dazu und sagen:
2595910	2598970	3060	"""Ätsch, das musst du jetzt vertreten!""?"
2599070	2601330	2260	Das gibt es schon, ja. Gibt es das?
2601430	2603930	2500	Die lachen jetzt also alle, wenn sie sehen,
2604150	2606650	2500	dass Sie die Pauschalbesteuerung vertreten müssen.
2606760	2609530	2770	Nein, ich vertrat schon als Bündnerin die Pauschalbesteuerung,
2609700	2612010	2310	weil ich einfach sagte, dass man Leute hat,
2612160	2614050	1890	die diese Pauschalbesteuerung zahlen,
2614240	2616250	2010	auch wenn sie nicht gerecht ist.
2616360	2618250	1890	Aber entweder man hat diese Steuerträger oder nicht.
2618470	2620530	2060	Das ist die Frage: Möchte man sie oder nicht?
2620670	2622810	2140	Ja, das ist klar, aber gerecht ist sie nicht.
2623030	2625450	2420	Nein. Eben. Da haben wirs.
2625640	2629290	3650	Es gibt klare Aussagen des Bundesrates.
2629510	2631490	1980	Es war meine Aussage, nicht die des Bundesrates.
2631700	2634090	2390	Ja, natürlich. Das ist klar. Das können wir schon unterscheiden.
2634260	2636410	2150	Da bin ich mir nicht sicher bei Ihnen.
2636520	2639570	3050	Lachen, Applaus
2641850	2643850	2000	Also, ja ...
2644070	2646290	2220	Also, ich muss sagen ... Mike, wir werden beide ...
2646350	2648830	2480	Wir kommen beide ziemlich dran heute Abend.
2649070	2651310	2240	Ich muss sagen, Ihre Menschenkenntnis beeindruckt mich.
2651390	2653070	1680	Lachen
2653260	2657990	4730	Wie ist das eigentlich: Ihr Vater war Bundesrat, Sie sind Bundesrätin,
2658100	2660350	2250	wie steht es mit Ihren Kindern?
2660470	2662430	1960	Sie könnten jetzt eine Dynastie gründen
2662600	2664950	2350	wie die Clintons, die Bushs oder die Kennedys.
2665050	2666990	1940	Unsere Schweizer Kennedys.
2667100	2668670	1570	Zum Glück besteht diese Gefahr gar nicht.
2668860	2670550	1690	Nicht? Nein.
2670650	2672190	1540	Und die Enkelkinder?
2672330	2674030	1700	Sie sind ja bereits Grossmutter,
2674140	2675710	1570	auch wenn man es Ihnen nicht ansieht.
2675890	2677610	1720	Aber ich fühle mich so - fast wie eine Urgrossmutter.
2677780	2679730	1950	Tatsächlich? Das glaube ich Ihnen nicht.
2679910	2682850	2940	Nein, also aus unseren Enkeln machen wir was Rechtes.
2683030	2686650	3620	Lachen, Raunen
2686740	2689370	2630	Gut, ich meine ...
2691210	2692970	1760	Ich glaube ...
2693090	2694770	1680	Ich glaube,
2694920	2696730	1810	das war ein tolles Schlusswort unserer Bundesrätin,
2696880	2699490	2610	dass sie aus ihren Enkeln etwas Rechtes machen will.
2699700	2701970	2270	Vielen Dank, dass Sie hier waren.
2702050	2704050	2000	Ich schenke Ihnen eine Wappenscheibe.
2704190	2706090	1900	Lachen
2706220	2708570	2350	Besten Dank, dass Sie hier waren, Eveline Widmer-Schlumpf!
2708790	2710850	2060	Vielen Dank. Vielen Dank.
2710950	2714890	3940	Applaus
2716140	2718210	2070	Das ist Ihr Applaus. Danke.
2720900	2723010	2110	Vielen Dank für den hohen Besuch.
2723120	2726290	3170	Wir haben wieder eine Woche vor uns,
2726420	2729610	3190	und Mike Müller hat den Ausblick für nächste Woche.
2729790	2733730	3940	Ja, morgen wird Frau Widmer-Schlumpf die Kommission in Bern
2733950	2735930	1980	mit diesem Huhn beglücken. Lachen
2736080	2740370	4290	Okay, das ... Gackern
2740580	2744130	3550	Man versteht nicht, was sie sagt. Fröhliche Musik
2744350	2746090	1740	So, ich schalte es aus. Ja, gut.
2746240	2748290	2050	Vielen Dank fürs Zusehen, ich hoffe, es hat Ihnen gefallen.
2748410	2751450	3040	Wenn ja, dann schalten Sie heute in einer Woche wieder ein -
2751670	2754690	3020	um 22.15 oder 22.10 Uhr, das ist auch egal.
2754780	2756970	2190	Haben Sie bis dahin eine schöne Zeit und eine schöne Woche.
2757070	2759210	2140	Auf Wiedersehen. Gute Nacht, danke.
2759490	2765250	5760	SWISS TXT / UT-Redaktion Zürich O. Masserini, S. Holenstein J. La Micela